    0.0000  50000000.000000         0.000000         1.000000
    0.1035     11754.806641   3428631.000000   4552063.500000
    0.2094     92814.765625     29017.699219     46566.207031
    0.3146    196981.328125       268.573303       430.294373
    0.4191    300974.593750         2.451969         4.001451
    0.5222    403353.656250         0.022435         0.037270
    0.6247    504933.031250         0.000220         0.000356
    0.7269    605965.625000         0.000003         0.000004
    0.8272    704956.812500         0.000000         0.000000
    0.9357    811781.937500         0.000000         0.000000
    1.0374    911728.687500         0.000000         0.000000
    1.1480   1020253.062500         0.000000         0.000000
    1.2715   1141084.375000         0.000000         0.000000
    1.3725   1239658.875000         0.000000         0.000000
    1.4785   1342917.250000         0.000000         0.000000
    1.5789   1440518.625000         0.000000         0.000000
    1.6937   1551846.250000         0.000000         0.000000
    1.8100   1664400.375000         0.000001         0.000000
    1.9225   1773076.000000         0.000001         0.000000
    2.0238   1870661.625000         0.000001         0.000001
    2.1256   1968576.375000         0.000001         0.000001
    2.2367   2075193.125000         0.000001         0.000000
    2.3474   2181124.750000         0.000000         0.000000
    2.4523   2281325.750000         0.000000         0.000000
    2.5583   2382456.250000         0.000000         0.000000
    2.6631   2482068.000000         0.000000         0.000000
    2.7657   2579505.000000         0.000001         0.000000
    2.8701   2678401.750000         0.000001         0.000001
    2.9718   2774559.250000         0.000002         0.000001
    3.0796   2876262.500000         0.000004         0.000003
    3.1930   2983021.500000         0.000004         0.000003
    3.2995   3083094.250000         0.000001         0.000001
    3.4068   3183677.500000         0.000000         0.000000
    3.5170   3286717.000000         0.000000         0.000000
    3.6304   3392502.500000         0.000000         0.000000
    3.7394   3493961.500000         0.000001         0.000000
    3.8461   3593101.500000         0.000002         0.000001
    3.9586   3697421.500000         0.000009         0.000004
    4.0610   3792199.000000         0.000056         0.000028
    4.1717   3894376.750000         0.000188         0.000110
    4.2816   3995572.500000         0.000085         0.000067
    4.3860   4091533.750000         0.000005         0.000005
    4.4908   4187646.000000         0.000000         0.000000
    4.6030   4290312.000000         0.000000         0.000000
    4.7075   4385747.000000         0.000001         0.000000
    4.8194   4487741.000000         0.000002         0.000001
    4.9197   4578935.500000         0.000019         0.000009
    5.0252   4674594.500000         0.000544         0.000233
    5.1376   4776378.500000         0.013907         0.006601
    5.2459   4874212.000000         0.039997         0.024931
    5.3543   4972000.500000         0.006660         0.006309
    5.4613   5068195.500000         0.000115         0.000165
    5.5654   5161660.000000         0.000001         0.000002
    5.6809   5265112.500000         0.000001         0.000000
    5.7909   5363414.500000         0.000002         0.000001
    5.8965   5457580.000000         0.000041         0.000017
    6.0040   5553180.000000         0.005192         0.001947
    6.1056   5643397.000000         0.555550         0.221219
    6.2100   5735893.000000        11.142465         5.568368
    6.3152   5828892.000000        10.761185         7.968113
    6.4155   5917398.000000         0.630420         0.741907
    6.5201   6009447.000000         0.006540         0.010487
    6.6201   6097403.000000         0.000121         0.000151
    6.7218   6186538.500000         0.000021         0.000014
    6.8228   6274960.500000         0.000095         0.000043
    6.9292   6367893.000000         0.012301         0.004349
    7.0352   6460252.500000         8.864229         2.967739
    7.1423   6546799.500000      3463.415039      1316.819336
    7.2485   6431408.000000     69074.718750     36354.835938
    7.3506   6265048.000000     30486.832031     25693.207031
    7.4548   6340919.000000       780.878418      1068.663086
    7.5592   6431982.500000         7.411523        11.582630
    7.6650   6524005.500000         0.258912         0.244386
    7.7732   6618035.000000         0.250781         0.130741
    7.8771   6708040.000000        10.959238         4.064113
    7.9789   6785466.000000      6335.955078      2038.570068
    8.0800   3264592.000000   1534057.125000    750950.625000
    8.1857   1046350.000000    129940.531250    140816.375000
    8.2892   1107177.750000      3160.563477      4016.851318
    8.3937   1208758.250000        43.289280        63.795296
    8.4985   1310951.375000         0.393122         0.643357
    8.6011   1410701.875000         0.003953         0.006293
    8.7019   1508571.875000         0.000069         0.000091
    8.8090   1612366.000000         0.000003         0.000003
    8.9142   1714062.125000         0.000001         0.000001
    9.0272   1823087.375000         0.000001         0.000001
    9.1290   1921013.500000         0.000001         0.000001
    9.2450   2032471.875000         0.000001         0.000000
    9.3559   2138679.250000         0.000000         0.000000
    9.4617   2239856.250000         0.000000         0.000000
    9.5682   2341502.750000         0.000000         0.000000
    9.6732   2441436.000000         0.000000         0.000000
    9.7764   2539479.000000         0.000001         0.000000
    9.8822   2639884.000000         0.000001         0.000001
    9.9914   2743141.750000         0.000002         0.000001
   10.0928   2838863.500000         0.000004         0.000002
   10.2063   2945864.000000         0.000003         0.000002
   10.3109   3044190.250000         0.000001         0.000001
   10.4213   3147693.500000         0.000000         0.000000
   10.5333   3252558.750000         0.000000         0.000000
   10.6465   3358281.750000         0.000000         0.000000
   10.7552   3459568.500000         0.000001         0.000000
   10.8627   3559497.250000         0.000002         0.000001
   10.9629   3652474.250000         0.000008         0.000004
   11.0650   3746970.750000         0.000050         0.000026
   11.1754   3848997.250000         0.000149         0.000088
   11.2852   3950182.750000         0.000059         0.000047
   11.3890   4045735.500000         0.000003         0.000004
   11.4963   4144264.500000         0.000000         0.000000
   11.5966   4236159.500000         0.000000         0.000000
   11.7018   4332335.500000         0.000001         0.000000
   11.8143   4434879.000000         0.000002         0.000001
   11.9148   4526440.000000         0.000015         0.000007
   12.0210   4622896.000000         0.000402         0.000174
   12.1223   4714705.000000         0.007734         0.003607
   12.2314   4813454.500000         0.030085         0.018023
   12.3325   4904714.500000         0.008534         0.007405
   12.4402   5001683.500000         0.000203         0.000273
   12.5452   5096118.000000         0.000002         0.000003
   12.6538   5193488.500000         0.000001         0.000000
   12.7557   5284699.000000         0.000001         0.000001
   12.8616   5379341.500000         0.000012         0.000005
   12.9638   5470455.500000         0.000659         0.000254
   13.0664   5561740.000000         0.083154         0.031962
   13.1686   5652401.000000         3.515318         1.582671
   13.2705   5742696.500000        11.732555         7.253244
   13.3746   5834635.000000         1.855365         1.811598
   13.4792   5927004.000000         0.029203         0.043639
   13.5821   6017534.000000         0.000323         0.000478
   13.6885   6111045.000000         0.000018         0.000015
   13.7932   6202860.500000         0.000030         0.000015
   13.8959   6292700.000000         0.001307         0.000491
   14.0019   6385264.000000         0.642928         0.215999
   14.1058   6475205.500000       316.567841       113.496170
   14.2061   6521348.500000     17498.710938      7895.136719
   14.3167   6426895.500000     32437.949219     22921.085938
   14.4259   6489691.000000      1535.415039      1851.055054
   14.5300   6580025.500000        15.570790        24.993914
   14.6377   6673501.500000         0.287618         0.318199
   14.7464   6767566.500000         0.115464         0.066964
   14.8550   6861304.000000         3.040522         1.167681
   14.9603   6948845.500000      1935.906738       618.016174
   15.0644   4230457.500000   1407393.000000    587881.375000
   15.1648    990740.000000    217079.531250    229484.609375
   15.2660   1020149.250000      5989.423340      7493.770508
   15.3725   1123295.500000        81.900284       118.091225
   15.4784   1226751.125000         0.741557         1.200616
   15.5813   1327026.875000         0.007055         0.011450
   15.6821   1425005.750000         0.000106         0.000149
   15.7871   1526951.000000         0.000003         0.000004
   15.9001   1636321.375000         0.000001         0.000001
   16.0130   1745397.000000         0.000001         0.000001
   16.1154   1844160.375000         0.000001         0.000001
   16.2299   1954323.500000         0.000001         0.000000
   16.3446   2064399.500000         0.000000         0.000000
   16.4515   2166716.250000         0.000000         0.000000
   16.5587   2269200.000000         0.000000         0.000000
   16.6646   2370151.750000         0.000000         0.000000
   16.7686   2469143.250000         0.000001         0.000000
   16.8749   2570115.750000         0.000001         0.000001
   16.9823   2671798.000000         0.000002         0.000001
   17.0844   2768371.000000         0.000004         0.000002
   17.1971   2874672.500000         0.000003         0.000002
   17.3054   2976662.750000         0.000001         0.000001
   17.4168   3081357.750000         0.000000         0.000000
   17.5292   3186695.250000         0.000000         0.000000
   17.6430   3293097.500000         0.000000         0.000000
   17.7521   3394881.500000         0.000001         0.000000
   17.8600   3495380.500000         0.000002         0.000001
   17.9610   3589219.000000         0.000007         0.000004
   18.0633   3684025.750000         0.000040         0.000021
   18.1746   3786975.000000         0.000110         0.000066
   18.2755   3880163.500000         0.000050         0.000039
   18.3811   3977432.250000         0.000003         0.000003
   18.4892   4076871.250000         0.000000         0.000000
   18.5893   4168707.000000         0.000000         0.000000
   18.6952   4265678.000000         0.000001         0.000000
   18.7956   4357420.000000         0.000001         0.000001
   18.8961   4449063.000000         0.000008         0.000004
   19.0019   4545278.500000         0.000179         0.000078
   19.1055   4639356.500000         0.003848         0.001770
   19.2161   4739644.500000         0.020164         0.011637
   19.3194   4833037.000000         0.007609         0.006294
   19.4280   4931019.000000         0.000219         0.000282
   19.5335   5026018.500000         0.000002         0.000003
   19.6428   5124195.500000         0.000000         0.000000
   19.7447   5215554.000000         0.000001         0.000001
   19.8508   5310428.000000         0.000008         0.000004
   19.9548   5403308.000000         0.000373         0.000146
   20.0598   5496815.000000         0.047420         0.018289
   20.1624   5588100.000000         2.103626         0.940954
   20.2647   5678792.000000         7.872775         4.789376
   20.3675   5769803.500000         1.474944         1.398658
   20.4723   5862451.500000         0.025405         0.037260
   20.5756   5953526.000000         0.000265         0.000401
   20.6818   6046905.500000         0.000013         0.000011
   20.7845   6137075.000000         0.000016         0.000008
   20.8894   6229004.500000         0.000568         0.000218
   20.9902   6317148.000000         0.168100         0.057083
   21.0950   6408505.500000        87.778595        31.229773
   21.2046   6485699.500000      7698.886719      3472.302246
   21.3174   6495515.500000     14830.420898     10466.313477
   21.4175   6567727.500000      1006.383667      1163.040283
   21.5213   6657688.500000        10.871801        17.395306
   21.6298   6751635.500000         0.170000         0.196397
   21.7354   6842835.500000         0.052583         0.031991
   21.8440   6936442.000000         1.002919         0.393406
   21.9440   7021832.500000       389.133728       124.991577
   22.0459   6178492.000000    549671.812500    184771.375000
   22.1492   1051899.500000    416123.218750    409552.750000
   22.2565   1007307.625000      9930.984375     12282.846680
   22.3641   1110763.125000       135.537598       193.325989
   22.4706   1214802.000000         1.224901         1.972060
   22.5736   1315203.000000         0.011493         0.018750
   22.6744   1413255.750000         0.000165         0.000235
   22.7787   1514546.000000         0.000005         0.000005
   22.8884   1620746.250000         0.000001         0.000001
   22.9955   1724293.625000         0.000001         0.000001
   23.0986   1823712.750000         0.000001         0.000001
   23.2121   1932940.750000         0.000001         0.000000
   23.3136   2030467.125000         0.000000         0.000000
   23.4209   2133294.000000         0.000000         0.000000
   23.5281   2235775.750000         0.000000         0.000000
   23.6344   2337188.250000         0.000000         0.000000
   23.7386   2436469.500000         0.000000         0.000000
   23.8437   2536254.750000         0.000001         0.000000
   23.9609   2647415.750000         0.000002         0.000001
   24.0690   2749663.500000         0.000003         0.000002
   24.1825   2856795.250000         0.000003         0.000002
   24.2933   2961202.000000         0.000001         0.000001
   24.4040   3065152.500000         0.000000         0.000000
   24.5152   3169484.000000         0.000000         0.000000
   24.6155   3263265.000000         0.000000         0.000000
   24.7264   3366806.000000         0.000001         0.000000
   24.8345   3467500.250000         0.000001         0.000001
   24.9472   3572305.250000         0.000006         0.000003
   25.0479   3665733.250000         0.000031         0.000016
   25.1492   3759443.500000         0.000099         0.000056
   25.2493   3851934.500000         0.000072         0.000052
   25.3513   3945990.500000         0.000008         0.000008
   25.4545   4040930.500000         0.000000         0.000000
   25.5616   4139279.750000         0.000000         0.000000
   25.6698   4238380.000000         0.000000         0.000000
   25.7710   4330949.000000         0.000001         0.000001
   25.8836   4433632.500000         0.000006         0.000003
   25.9883   4528973.500000         0.000115         0.000051
   26.0912   4622434.500000         0.002614         0.001183
   26.1931   4714778.500000         0.017198         0.009336
   26.2956   4807570.500000         0.011673         0.008798
   26.3984   4900381.000000         0.000684         0.000786
   26.5046   4996031.500000         0.000007         0.000012
   26.6093   5090172.000000         0.000000         0.000000
   26.7210   5190422.000000         0.000001         0.000000
   26.8278   5286023.500000         0.000004         0.000002
   26.9334   5380273.500000         0.000146         0.000059
   27.0397   5475080.000000         0.018802         0.007183
   27.1515   5574506.000000         1.514511         0.662072
   27.2542   5665575.000000         7.682998         4.498059
   27.3591   5758463.500000         1.823481         1.662963
   27.4641   5851309.000000         0.035610         0.050911
   27.5679   5942840.000000         0.000352         0.000543
   27.6738   6036077.000000         0.000014         0.000013
   27.7850   6133726.000000         0.000016         0.000008
   27.8897   6225449.500000         0.000558         0.000214
   27.9904   6313536.000000         0.164093         0.055744
   28.0954   6405000.500000        85.462006        30.433128
   28.2059   6483258.500000      7564.897949      3427.226562
   28.3171   6496945.500000     14138.169922      9962.908203
   28.4174   6569926.500000       960.011108      1108.816406
   28.5211   6659828.000000        10.410358        16.655064
   28.6297   6753779.500000         0.162295         0.187653
   28.7352   6844982.000000         0.049988         0.030429
   28.8440   6938749.000000         0.958685         0.375914
   28.9441   7024240.500000       376.161194       120.773544
   29.0459   6207402.000000    534868.375000    179338.656250
   29.1490   1057988.625000    426334.937500    418027.875000
   29.2561   1008579.000000     10312.022461     12740.447266
   29.3636   1111976.250000       141.046524       201.024963
   29.4702   1216024.125000         1.275930         2.053471
   29.5732   1316433.750000         0.011961         0.019518
   29.6740   1414469.500000         0.000172         0.000245
   29.7783   1515714.125000         0.000005         0.000005
   29.8877   1621712.000000         0.000001         0.000001
   29.9944   1724828.125000         0.000001         0.000001
   30.0000   1730232.625000         0.000001         0.000001
